19d18
<  procedural_searchpath "/usr/people/jan/Graphics/Rendering/Arnold/procedurals"
25c24
<  GI_diffuse_samples 3
---
>  GI_diffuse_samples 20
41c40
< driver_exr
---
> driver_png
44c43,44
<  filename "scene2_arnold_light_emitters.exr"
---
>  filename "scene2_arnold_01.png"
>  gamma 2.2
487c487
<  Kd 0
---
>  Kd 1
490c490
<  emission 78
---
>  # emission 78
496c496
<  Kd 0
---
>  Kd 1
499c499
<  emission 64
---
>  # emission 64
505c505
<  Kd 0
---
>  Kd 1
508c508
<  emission 90
---
>  # emission 90
514c514
<  Kd 0
---
>  Kd 1
517c517
<  emission 90
---
>  # emission 90
523c523
<  Kd 0
---
>  Kd 1
526c526
<  emission 150
---
>  # emission 150
532c532
<  Kd 0
---
>  Kd 1
535c535
<  emission 150
---
>  # emission 150
541c541
<  Kd 0
---
>  Kd 1
544c544
<  emission 150
---
>  # emission 150
550c550
<  Kd 0
---
>  Kd 1
553c553
<  emission 28
---
>  # emission 28
564,606c564,606
< point_light
< {
<  name Point_par4
<  matrix 
<   7.6489997e-08 1 1.2022099e-07 0
<   -0.70710671 1.3839416e-07 -0.70710683 0
<   -0.70710683 -3.1623983e-08 0.70710671 0
<   4.0414214 12.5 7.6414213 1 
<  intensity 15
< }
< 
< point_light
< {
<  name Point_par1
<  matrix 
<   7.6489997e-08 1 1.2786285e-07 0
<   -0.64278758 1.4647775e-07 -0.7660445 0
<   -0.7660445 -2.4353893e-08 0.64278758 0
<   6.9285579 10 7.6532087 1 
<  intensity 15
< }
< 
< point_light
< {
<  name Point_par3
<  matrix 
<   7.6489997e-08 1 1.2786285e-07 0
<   -0.64278758 1.4647775e-07 -0.7660445 0
<   -0.7660445 -2.4353893e-08 0.64278758 0
<   6.9285574 15 7.6532087 1 
<  intensity 15
< }
< 
< point_light
< {
<  name Point_par2
<  matrix 
<   7.6489997e-08 1 1.2786285e-07 0
<   -0.64278758 1.4647775e-07 -0.7660445 0
<   -0.7660445 -2.4353893e-08 0.64278758 0
<   6.9285574 12.499999 7.6532087 1 
<  intensity 15
< }
---
> # point_light
> # {
> #  name Point_par4
> #  matrix 
> #   7.6489997e-08 1 1.2022099e-07 0
> #   -0.70710671 1.3839416e-07 -0.70710683 0
> #   -0.70710683 -3.1623983e-08 0.70710671 0
> #   4.0414214 12.5 7.6414213 1 
> #  intensity 15
> # }
> 
> # point_light
> # {
> #  name Point_par1
> #  matrix 
> #   7.6489997e-08 1 1.2786285e-07 0
> #   -0.64278758 1.4647775e-07 -0.7660445 0
> #   -0.7660445 -2.4353893e-08 0.64278758 0
> #   6.9285579 10 7.6532087 1 
> #  intensity 15
> # }
> 
> # point_light
> # {
> #  name Point_par3
> #  matrix 
> #   7.6489997e-08 1 1.2786285e-07 0
> #   -0.64278758 1.4647775e-07 -0.7660445 0
> #   -0.7660445 -2.4353893e-08 0.64278758 0
> #   6.9285574 15 7.6532087 1 
> #  intensity 15
> # }
> 
> # point_light
> # {
> #  name Point_par2
> #  matrix 
> #   7.6489997e-08 1 1.2786285e-07 0
> #   -0.64278758 1.4647775e-07 -0.7660445 0
> #   -0.7660445 -2.4353893e-08 0.64278758 0
> #   6.9285574 12.499999 7.6532087 1 
> #  intensity 15
> # }
