16,19c16,18
<  bucket_scanning "spiral"
<  camera "cam01"
<  background "Sky"
<  procedural_searchpath "/usr/people/jan/Graphics/Rendering/Arnold/procedurals"
---
>  bucket_scanning "spiral" # "top"
>  camera "cam06"
>  # background "Sky"
22,25c21,24
<  GI_reflection_depth 6
<  GI_refraction_depth 6
<  GI_total_depth 12
<  GI_diffuse_samples 3
---
>  GI_reflection_depth 3
>  GI_refraction_depth 13
>  GI_total_depth 16
>  GI_diffuse_samples 20
29,34c28,33
< sky
< {
<  name Sky
<  color 0.29 0.478 0.871
<  intensity 50
< }
---
> # sky
> # {
> #  name Sky
> #  color 0.29 0.478 0.871
> #  intensity 50
> # }
41c40
< driver_exr
---
> driver_png
44c43,44
<  filename "scene2_arnold_point_lights.exr"
---
>  filename "scene2_arnold_06.png"
>  gamma 2.2
49c49
<  name cam01
---
>  name cam06
52,55c52,55
<   -0.99549556 0.0948091 0 0
<   -0.018724881 -0.19661126 0.98030275 0
<   0.092941612 0.97588694 0.19750093 0
<   37 24 8 1 
---
>   0.87415731 -0.48564294 1.4901161e-08 0
>   0.092608489 0.1666953 0.98164982 0
>   -0.4767313 -0.85811633 0.19069256 0
>   3 2.2 4 1
297a298,299
>  # enable_reflective_caustics true
>  enable_refractive_caustics true
487c489
<  Kd 0
---
>  Kd 1
490c492
<  emission 78
---
>  # emission 78
496c498
<  Kd 0
---
>  Kd 1
499c501
<  emission 64
---
>  # emission 64
505c507
<  Kd 0
---
>  Kd 1
508c510
<  emission 90
---
>  # emission 90
514c516
<  Kd 0
---
>  Kd 1
517c519
<  emission 90
---
>  # emission 90
519a522
> # lotus light
523c526
<  Kd 0
---
>  Kd 1
526c529
<  emission 150
---
>  # emission 15
532c535
<  Kd 0
---
>  Kd 1
535c538
<  emission 150
---
>  # emission 150
537a541
> # lotus light
541c545
<  Kd 0
---
>  Kd 1
544c548
<  emission 150
---
>  # emission 15
550c554
<  Kd 0
---
>  Kd 1
553c557
<  emission 28
---
>  # emission 28
564,606c568,610
< point_light
< {
<  name Point_par4
<  matrix 
<   7.6489997e-08 1 1.2022099e-07 0
<   -0.70710671 1.3839416e-07 -0.70710683 0
<   -0.70710683 -3.1623983e-08 0.70710671 0
<   4.0414214 12.5 7.6414213 1 
<  intensity 15
< }
< 
< point_light
< {
<  name Point_par1
<  matrix 
<   7.6489997e-08 1 1.2786285e-07 0
<   -0.64278758 1.4647775e-07 -0.7660445 0
<   -0.7660445 -2.4353893e-08 0.64278758 0
<   6.9285579 10 7.6532087 1 
<  intensity 15
< }
< 
< point_light
< {
<  name Point_par3
<  matrix 
<   7.6489997e-08 1 1.2786285e-07 0
<   -0.64278758 1.4647775e-07 -0.7660445 0
<   -0.7660445 -2.4353893e-08 0.64278758 0
<   6.9285574 15 7.6532087 1 
<  intensity 15
< }
< 
< point_light
< {
<  name Point_par2
<  matrix 
<   7.6489997e-08 1 1.2786285e-07 0
<   -0.64278758 1.4647775e-07 -0.7660445 0
<   -0.7660445 -2.4353893e-08 0.64278758 0
<   6.9285574 12.499999 7.6532087 1 
<  intensity 15
< }
---
> # point_light
> # {
> #  name Point_par4
> #  matrix 
> #   7.6489997e-08 1 1.2022099e-07 0
> #   -0.70710671 1.3839416e-07 -0.70710683 0
> #   -0.70710683 -3.1623983e-08 0.70710671 0
> #   4.0414214 12.5 7.6414213 1 
> #  intensity 15
> # }
> 
> # point_light
> # {
> #  name Point_par1
> #  matrix 
> #   7.6489997e-08 1 1.2786285e-07 0
> #   -0.64278758 1.4647775e-07 -0.7660445 0
> #   -0.7660445 -2.4353893e-08 0.64278758 0
> #   6.9285579 10 7.6532087 1 
> #  intensity 15
> # }
> 
> # point_light
> # {
> #  name Point_par3
> #  matrix 
> #   7.6489997e-08 1 1.2786285e-07 0
> #   -0.64278758 1.4647775e-07 -0.7660445 0
> #   -0.7660445 -2.4353893e-08 0.64278758 0
> #   6.9285574 15 7.6532087 1 
> #  intensity 15
> # }
> 
> # point_light
> # {
> #  name Point_par2
> #  matrix 
> #   7.6489997e-08 1 1.2786285e-07 0
> #   -0.64278758 1.4647775e-07 -0.7660445 0
> #   -0.7660445 -2.4353893e-08 0.64278758 0
> #   6.9285574 12.499999 7.6532087 1 
> #  intensity 15
> # }
41405,41415c41409,41419
< point_light
< {
<  name typeS4T.d
<  radius 0.19999999
<  matrix 
<   1.9470718e-07 1 0 0
<   0.70710659 -1.3767874e-07 -0.70710695 0
<   -0.70710695 1.376788e-07 -0.70710659 0
<   4.1121321 12.499999 7.712132 1 
<  intensity 15
< }
---
> # point_light
> # {
> #  name typeS4T.d
> #  radius 0.19999999
> #  matrix 
> #   1.9470718e-07 1 0 0
> #   0.70710659 -1.3767874e-07 -0.70710695 0
> #   -0.70710695 1.376788e-07 -0.70710659 0
> #   4.1121321 12.499999 7.712132 1 
> #  intensity 15
> # }
41443,41453c41447,41457
< point_light
< {
<  name typeS4T.d_un0550
<  radius 0.19999999
<  matrix 
<   1.9470718e-07 1 0 0
<   0.64278728 -1.251553e-07 -0.76604474 0
<   -0.76604474 1.491544e-07 -0.64278728 0
<   7.0298133 9.999999 7.6928363 1 
<  intensity 15
< }
---
> # point_light
> # {
> #  name typeS4T.d_un0550
> #  radius 0.19999999
> #  matrix 
> #   1.9470718e-07 1 0 0
> #   0.64278728 -1.251553e-07 -0.76604474 0
> #   -0.76604474 1.491544e-07 -0.64278728 0
> #   7.0298133 9.999999 7.6928363 1 
> #  intensity 15
> # }
41481,41491c41485,41495
< point_light
< {
<  name typeS4T.d_un0553
<  radius 0.19999999
<  matrix 
<   1.9470718e-07 1 0 0
<   0.64278728 -1.251553e-07 -0.76604474 0
<   -0.76604474 1.491544e-07 -0.64278728 0
<   7.0298138 12.499999 7.6928363 1 
<  intensity 15
< }
---
> # point_light
> # {
> #  name typeS4T.d_un0553
> #  radius 0.19999999
> #  matrix 
> #   1.9470718e-07 1 0 0
> #   0.64278728 -1.251553e-07 -0.76604474 0
> #   -0.76604474 1.491544e-07 -0.64278728 0
> #   7.0298138 12.499999 7.6928363 1 
> #  intensity 15
> # }
41519,41529c41523,41533
< point_light
< {
<  name typeS4T.d_un0556
<  radius 0.19999999
<  matrix 
<   1.9470718e-07 1 0 0
<   0.64278728 -1.251553e-07 -0.76604474 0
<   -0.76604474 1.491544e-07 -0.64278728 0
<   7.0298142 14.999999 7.6928363 1 
<  intensity 15
< }
---
> # point_light
> # {
> #  name typeS4T.d_un0556
> #  radius 0.19999999
> #  matrix 
> #   1.9470718e-07 1 0 0
> #   0.64278728 -1.251553e-07 -0.76604474 0
> #   -0.76604474 1.491544e-07 -0.64278728 0
> #   7.0298142 14.999999 7.6928363 1 
> #  intensity 15
> # }
49707a49712
> # cafe picture lighting
49717c49722
<  intensity 9
---
>  intensity 36 # 9
49745a49751
> # cafe picture lighting
49755c49761
<  intensity 9
---
>  intensity 36 # 9
49783a49790
> # cafe picture lighting
49793c49800
<  intensity 9
---
>  intensity 36 # 9
49821a49829
> # unfurled light
49831c49839
<  intensity 9
---
>  intensity 36 # 9
49859a49868
> # unfurled light
49869c49878
<  intensity 15
---
>  intensity 60 # 15
49898,49908c49907,49917
< point_light
< {
<  name typeS5.d_un1126
<  radius 0.19999999
<  matrix 
<   -0.087155767 -0.99619472 4.7079465e-09 0
<   -0.99240386 0.086824112 -0.087155856 0
<   0.086824208 -0.0075961407 -0.99619472 0
<   25.008682 4.3492403 11.000381 1 
<  intensity 15
< }
---
> # point_light
> # {
> #  name typeS5.d_un1126
> #  radius 0.19999999
> #  matrix 
> #   -0.087155767 -0.99619472 4.7079465e-09 0
> #   -0.99240386 0.086824112 -0.087155856 0
> #   0.086824208 -0.0075961407 -0.99619472 0
> #   25.008682 4.3492403 11.000381 1 
> #  intensity 15
> # }
49935a49945,49946
> # lotus light
> # disk
49945c49956,49957
<  intensity 15
---
>  intensity 60 # 15
>  # shader "typeS5_light" 
49974,49984c49986,49996
< point_light
< {
<  name typeS4.d
<  radius 0.19999999
<  matrix 
<   7.5497901e-08 1 1.0774935e-08 0
<   0.76604426 -5.0908739e-08 -0.64278781 0
<   -0.64278781 5.6783204e-08 -0.76604426 0
<   34.935722 20.5 11.023396 1 
<  intensity 15
< }
---
> # point_light
> # {
> #  name typeS4.d
> #  radius 0.19999999
> #  matrix 
> #   7.5497901e-08 1 1.0774935e-08 0
> #   0.76604426 -5.0908739e-08 -0.64278781 0
> #   -0.64278781 5.6783204e-08 -0.76604426 0
> #   34.935722 20.5 11.023396 1 
> #  intensity 15
> # }
50012,50022c50024,50034
< point_light
< {
<  name typeS4.d_un1132
<  radius 0.19999999
<  matrix 
<   1 0 0 0
<   0 -1 -1.509958e-07 0
<   0 1.509958e-07 -1 0
<   37 20.5 11 1 
<  intensity 15
< }
---
> # point_light
> # {
> #  name typeS4.d_un1132
> #  radius 0.19999999
> #  matrix 
> #   1 0 0 0
> #   0 -1 -1.509958e-07 0
> #   0 1.509958e-07 -1 0
> #   37 20.5 11 1 
> #  intensity 15
> # }
50050,50060c50062,50072
< point_light
< {
<  name typeS4.d_un1135
<  radius 0.19999999
<  matrix 
<   1 0 0 0
<   0 -1 -1.509958e-07 0
<   0 1.509958e-07 -1 0
<   33 20.5 11 1 
<  intensity 15
< }
---
> # point_light
> # {
> #  name typeS4.d_un1135
> #  radius 0.19999999
> #  matrix 
> #   1 0 0 0
> #   0 -1 -1.509958e-07 0
> #   0 1.509958e-07 -1 0
> #   33 20.5 11 1 
> #  intensity 15
> # }
50088,50098c50100,50110
< point_light
< {
<  name typeS4.d_un1138
<  radius 0.19999999
<  matrix 
<   1 0 0 0
<   0 -0.81915194 -0.57357663 0
<   0 0.57357663 -0.81915194 0
<   36 4.4073577 11.018085 1 
<  intensity 15
< }
---
> # point_light
> # {
> #  name typeS4.d_un1138
> #  radius 0.19999999
> #  matrix 
> #   1 0 0 0
> #   0 -0.81915194 -0.57357663 0
> #   0 0.57357663 -0.81915194 0
> #   36 4.4073577 11.018085 1 
> #  intensity 15
> # }
50126,50136c50138,50148
< point_light
< {
<  name typeS4.d_un1141
<  radius 0.19999999
<  matrix 
<   7.5497901e-08 1 1.0774935e-08 0
<   0.76604426 -5.0908739e-08 -0.64278781 0
<   -0.64278781 5.6783204e-08 -0.76604426 0
<   34.935722 4.3499999 11.023396 1 
<  intensity 15
< }
---
> # point_light
> # {
> #  name typeS4.d_un1141
> #  radius 0.19999999
> #  matrix 
> #   7.5497901e-08 1 1.0774935e-08 0
> #   0.76604426 -5.0908739e-08 -0.64278781 0
> #   -0.64278781 5.6783204e-08 -0.76604426 0
> #   34.935722 4.3499999 11.023396 1 
> #  intensity 15
> # }
50164,50174c50176,50186
< point_light
< {
<  name typeS4.d_un1144
<  radius 0.19999999
<  matrix 
<   1 0 0 0
<   0 -1 -1.509958e-07 0
<   0 1.509958e-07 -1 0
<   37 4.3499999 11 1 
<  intensity 15
< }
---
> # point_light
> # {
> #  name typeS4.d_un1144
> #  radius 0.19999999
> #  matrix 
> #   1 0 0 0
> #   0 -1 -1.509958e-07 0
> #   0 1.509958e-07 -1 0
> #   37 4.3499999 11 1 
> #  intensity 15
> # }
50202,50212c50214,50224
< point_light
< {
<  name typeS4.d_un1147
<  radius 0.19999999
<  matrix 
<   1 0 0 0
<   0 -1 -1.509958e-07 0
<   0 1.509958e-07 -1 0
<   33 4.3499999 11 1 
<  intensity 15
< }
---
> # point_light
> # {
> #  name typeS4.d_un1147
> #  radius 0.19999999
> #  matrix 
> #   1 0 0 0
> #   0 -1 -1.509958e-07 0
> #   0 1.509958e-07 -1 0
> #   33 4.3499999 11 1 
> #  intensity 15
> # }
50239a50252
> # light for wave on north gallery wall
50249c50262
<  intensity 15
---
>  intensity 60 # 15
50277a50291
> # unfurled light
50287c50301
<  intensity 15
---
>  intensity 60 # 15
50316,50326c50330,50340
< point_light
< {
<  name typeS4.d_un1156
<  radius 0.19999999
<  matrix 
<   -0.087155648 0.99619472 1.9803487e-08 0
<   0.7044158 0.061628349 -0.70710701 0
<   -0.70441628 -0.061628353 -0.70710659 0
<   6.9295583 20.493835 11.029289 1 
<  intensity 15
< }
---
> # point_light
> # {
> #  name typeS4.d_un1156
> #  radius 0.19999999
> #  matrix 
> #   -0.087155648 0.99619472 1.9803487e-08 0
> #   0.7044158 0.061628349 -0.70710701 0
> #   -0.70441628 -0.061628353 -0.70710659 0
> #   6.9295583 20.493835 11.029289 1 
> #  intensity 15
> # }
50354,50364c50368,50378
< point_light
< {
<  name typeS4.d_un1159
<  radius 0.19999999
<  matrix 
<   -2.8212997e-07 -1 -6.1102469e-08 0
<   -0.73727727 2.4928823e-07 -0.67559028 0
<   0.67559028 -1.4555479e-07 -0.73727727 0
<   23.567558 4.3499999 11.026273 1 
<  intensity 15
< }
---
> # point_light
> # {
> #  name typeS4.d_un1159
> #  radius 0.19999999
> #  matrix 
> #   -2.8212997e-07 -1 -6.1102469e-08 0
> #   -0.73727727 2.4928823e-07 -0.67559028 0
> #   0.67559028 -1.4555479e-07 -0.73727727 0
> #   23.567558 4.3499999 11.026273 1 
> #  intensity 15
> # }
50392,50402c50406,50416
< point_light
< {
<  name typeS4.d_un1162
<  radius 0.19999999
<  matrix 
<   7.5497901e-08 1 -1.1558495e-08 0
<   0.96592563 -7.5916915e-08 -0.25881904 0
<   -0.25881904 8.3756486e-09 -0.96592563 0
<   16.974117 4.3499999 11.003408 1 
<  intensity 15
< }
---
> # point_light
> # {
> #  name typeS4.d_un1162
> #  radius 0.19999999
> #  matrix 
> #   7.5497901e-08 1 -1.1558495e-08 0
> #   0.96592563 -7.5916915e-08 -0.25881904 0
> #   -0.25881904 8.3756486e-09 -0.96592563 0
> #   16.974117 4.3499999 11.003408 1 
> #  intensity 15
> # }
50430,50440c50444,50454
< point_light
< {
<  name typeS4.d_un1165
<  radius 0.19999999
<  matrix 
<   -4.3711388e-08 -1 1.0496617e-08 0
<   -0.98480767 4.1224592e-08 -0.17364828 0
<   0.17364828 -1.7927556e-08 -0.98480767 0
<   14.017365 4.3499999 11.001519 1 
<  intensity 15
< }
---
> # point_light
> # {
> #  name typeS4.d_un1165
> #  radius 0.19999999
> #  matrix 
> #   -4.3711388e-08 -1 1.0496617e-08 0
> #   -0.98480767 4.1224592e-08 -0.17364828 0
> #   0.17364828 -1.7927556e-08 -0.98480767 0
> #   14.017365 4.3499999 11.001519 1 
> #  intensity 15
> # }
50468,50478c50482,50492
< point_light
< {
<  name typeS4.d_un1168
<  radius 0.19999999
<  matrix 
<   -4.3711388e-08 -1 -2.8830147e-08 0
<   -0.76604426 5.2016528e-08 -0.64278781 0
<   0.64278781 -6.0119789e-09 -0.76604426 0
<   8.0642786 4.3499999 11.023396 1 
<  intensity 15
< }
---
> # point_light
> # {
> #  name typeS4.d_un1168
> #  radius 0.19999999
> #  matrix 
> #   -4.3711388e-08 -1 -2.8830147e-08 0
> #   -0.76604426 5.2016528e-08 -0.64278781 0
> #   0.64278781 -6.0119789e-09 -0.76604426 0
> #   8.0642786 4.3499999 11.023396 1 
> #  intensity 15
> # }
50506,50516c50520,50530
< point_light
< {
<  name typeS4.d_un1171
<  radius 0.19999999
<  matrix 
<   -0.03489922 0.99939078 2.4366284e-10 0
<   0.99558783 0.034766421 -0.087155864 0
<   -0.087102771 -0.0030416718 -0.99619466 0
<   5.9912896 4.3496962 11.000381 1 
<  intensity 15
< }
---
> # point_light
> # {
> #  name typeS4.d_un1171
> #  radius 0.19999999
> #  matrix 
> #   -0.03489922 0.99939078 2.4366284e-10 0
> #   0.99558783 0.034766421 -0.087155864 0
> #   -0.087102771 -0.0030416718 -0.99619466 0
> #   5.9912896 4.3496962 11.000381 1 
> #  intensity 15
> # }
50543a50558,50559
> # lotus light
> # disk
50553c50569,50570
<  intensity 15
---
>  intensity 60 # 15
>  # shader "typeS4_light" 
64837,64846c64854,64863
< distant_light
< {
<  name sun
<  matrix 
<   0.97071445 0.2402364 -7.4505806e-09 0
<   -0.23087884 0.93290371 0.27637959 0
<   0.066396445 -0.26828566 0.9610486 0
<   6.6399999 -26.83 96.110001 1 
<  intensity 100
< }
---
> # distant_light
> # {
> #  name sun
> #  matrix 
> #   0.97071445 0.2402364 -7.4505806e-09 0
> #   -0.23087884 0.93290371 0.27637959 0
> #   0.066396445 -0.26828566 0.9610486 0
> #   6.6399999 -26.83 96.110001 1 
> #  intensity 100
> # }
